SIFT_pred	Polyphen2_HDIV_pred	Polyphen2_HVAR_pred	LRT_pred	MutationTaster_pred	MutationAssessor_pred	FATHMM_pred	RadialSVM_pred	LR_pred	VEST3_score	CADD_phred	GERP++_RS	phyloP46way_placental	phyloP100way_vertebrate	SiPhy_29way_logOdds
3	0	0	3	0	0	3	3	3	0.936	24.1	2.93	0.529	7.749	9.236
3	3	2	2	0	0	3	3	3	0.934	31	4.14	1.643	6.684	12.666
3	0	0	3	0	0	3	3	3	0.905	34	4.14	2.018	8.185	15.791
3	3	3	3	0	0	3	3	3	0.888	27.3	4.14	1.643	5.051	12.666
2	3	3	3	0	0	3	3	3	0.856	29.8	4.14	1.643	6.044	12.666
0	0	0	2	0	0	0	0	0	0	39	2.27	0.295	2.914	8.937
3	1	0	3	0	0	3	3	3	0.591	18.84	3.62	1.643	6.459	11.868
2	0	0	2	0	0	3	2	3	0.588	17.66	4.14	1.643	2.642	12.666
2	0	0	2	0	0	2	2	2	0.317	20.5	4.14	2.018	6.896	15.791
0	0	0	3	0	0	3	3	3	0.707	25.4	4.14	1.643	6.375	12.666
3	2	0	2	0	0	3	3	3	0.883	26.5	2.93	0.534	5.369	10.043
3	0	0	3	0	0	3	3	3	0.589	28.2	3.24	0.814	6.816	12.369
0	0	0	3	0	0	3	3	3	0.485	15.2	2.88	1.643	3.459	10.336
3	0	0	3	0	0	3	3	3	0.715	19.36	3.95	1.556	4.152	12.305
3	0	0	3	0	0	3	3	3	0.41	21	4.14	2.018	8.665	15.791
3	1	0	3	0	0	2	2	2	0.767	40	4.14	2.018	8.665	15.791
3	2	0	3	0	0	3	3	3	0.829	33	4.14	1.643	6.398	12.666
0	0	0	2	0	0	2	2	2	0.482	24.5	4.14	2.018	2.317	9.643
2	3	3	3	0	0	3	3	3	0.581	26.4	4.14	1.643	5.293	12.666
3	3	3	3	0	0	3	3	3	0.59	28.2	3.24	0.814	4.058	12.369
3	0	0	3	0	0	2	2	2	0.389	39	1.94	0.386	8.366	9.198
3	0	0	3	0	0	3	3	3	0.416	19.36	3.75	1.699	6.23	12.101
0	0	0	2	0	0	2	0	2	0.082	11.01	2.78	2.089	4.701	8.349
0	1	0	0	0	0	2	2	2	0.396	19.55	3.75	2.089	3.135	15.094
3	3	1	0	0	0	3	3	3	0.87	25.3	3.75	1.699	5.229	12.101
0	2	2	3	0	0	2	2	2	0.557	40	3.62	1.643	8.132	11.868
2	3	3	2	0	0	3	3	3	0.493	24.8	2.58	0.622	5.289	8.185
0	2	2	2	0	0	2	2	2	0.168	18.9	3.75	2.089	3.927	10.922
0	0	0	3	0	0	3	3	3	0.464	18.83	3.75	2.089	5.019	15.094
2	0	0	3	0	0	3	3	3	0.612	23	2.84	0.871	4.929	11.762
0	3	3	3	0	0	3	3	3	0.408	19.16	3.75	2.089	4.983	15.094
3	3	3	3	0	0	3	3	3	0.478	18.81	2.86	0.908	6.349	10.51
0	0	0	0	0	0	3	3	3	0.367	17	3.75	2.089	5.702	15.094
0	0	0	0	0	0	3	2	3	0.282	15.3	3.75	2.089	3.102	10.514
0	0	0	0	0	0	3	3	3	0.578	18.06	3.75	2.089	4.084	15.094
0	2	0	0	0	0	3	3	3	0.83	20.7	3.75	2.089	4.129	15.094
0	0	0	0	0	0	2	0	2	0.357	39	3.75	2.089	3.179	15.094
0	0	0	0	0	0	3	1	3	0.531	19.31	3.75	1.699	5.186	12.101
0	2	0	0	0	0	2	2	2	0.371	25.3	3.75	2.089	8.727	15.094
0	0	0	0	0	0	2	0	2	0.245	39	3.75	2.089	2.509	15.094
0	0	0	0	0	0	3	0	3	0.317	15.03	2.57	0.612	1.219	8.307
0	0	0	0	0	0	2	2	2	0.232	13.52	1.22	0.132	0.353	6.853
0	0	0	0	0	0	3	0	3	0.263	11.14	2.58	0.619	3.114	5.887
0	0	0	0	0	0	3	1	3	0.143	11.32	1.92	0.369	1.942	8.94
0	0	0	0	0	0	3	2	3	0.351	14.29	2.57	0.612	2.192	8.307
1	1	0	0	0	0	2	2	2	0.402	39	2.86	0.908	6.877	10.51
1	1	1	0	0	0	3	3	3	0.546	18.08	2.86	0.908	7.632	10.51
0	0	0	0	0	0	3	3	3	0.519	17.41	3.75	2.089	8.027	15.094
1	3	3	0	0	0	3	3	3	0.614	25.2	3.75	2.089	7.971	15.094
0	3	3	0	0	0	3	3	3	0.577	18.68	3.75	2.089	7.971	15.094
0	0	0	0	0	0	3	3	3	0.37	17.72	3.75	2.089	-0.017	8.997
0	0	0	0	0	0	3	3	3	0.34	13.66	3.75	2.089	0.616	8.997
1	0	0	0	0	0	3	2	3	0.43	19.3	3.75	2.089	2.658	4.304
0	0	0	0	0	0	3	3	3	0.348	15.16	2.86	0.908	1.589	6.318
2	1	0	0	0	0	3	3	3	0.3	14.9	3.75	2.089	1.589	8.997
2	0	0	0	0	0	3	2	3	0.245	13.48	2.86	0.908	1.589	7.355
1	0	0	0	0	0	3	2	3	0.223	7.528	2.4	1.609	5.401	4.131
0	0	0	0	0	0	3	1	3	0.218	6.787	1.16	0.532	3.048	5.386
0	0	0	0	0	0	2	0	2	0.094	4.02	2.66	0.823	1.53	8.717
0	0	0	0	0	0	3	0	3	0.329	4.243	-4.9	-0.597	0.158	8.348
3	0	0	0	0	0	3	3	3	0.216	7.902	1.64	0.785	2.019	6.403
0	0	0	0	0	0	3	0	3	0.349	1.586	-1.6	-0.167	3.082	4.297
0	0	0	0	0	0	3	1	3	0.26	7.399	2.65	1.975	3.939	8.792
0	0	0	0	0	0	3	1	3	0.364	6.788	3.54	1.975	1.88	10.795
0	0	0	0	0	0	3	1	3	0.381	7.824	2.65	0.812	4.163	8.965
0	0	0	0	0	0	3	2	3	0.383	6.145	3.55	1.98	2.304	10.815
0	0	0	0	0	0	3	1	3	0.397	5.889	2.66	0.815	3.057	8.981
0	0	0	0	0	0	3	3	3	0.341	8.875	3.55	1.98	4.854	10.815
1	0	0	0	0	0	3	2	2	0.322	8.978	1.72	0.31	4.097	6.411
0	0	0	0	0	0	3	0	3	0.283	5.352	2.63	0.786	3.469	6.194
0	0	0	0	0	0	3	2	3	0.24	8.342	2.65	0.812	1.76	8.965
1	1	0	0	0	0	3	3	3	0.66	16.53	3.83	2.124	3.593	11.404
1	0	0	0	0	0	3	3	3	0.591	13.76	3.83	2.124	6.016	13.381
2	0	0	0	0	0	3	3	3	0.397	10.4	4.02	2.232	0.059	7.184
1	0	0	0	0	0	3	3	3	0.276	9.469	4.02	2.232	1.77	5.785
1	0	0	0	0	0	3	3	3	0.43	10.69	3.38	0.694	5.318	9.563
0	0	0	0	0	0	3	3	3	0.386	12.52	3.57	0.773	4.435	9.501
0	0	0	0	0	0	2	2	2	0.181	8.775	3.86	1.124	2.14	12.336
0	0	0	0	0	0	2	0	2	0.255	31	2.91	0.514	4.283	8.781
0	0	0	0	0	0	3	2	3	0.523	9.172	3.57	0.773	5.486	9.501
0	0	0	0	0	0	2	2	2	0.241	9.811	2.88	0.497	3.397	9.48
0	0	0	3	0	0	2	2	2	0.657	37	4.73	1.893	5.359	13.707
0	0	0	2	0	0	3	3	3	0.597	12.89	3.57	0.773	5.514	9.501
0	0	0	2	0	0	2	0	2	0.239	9.52	2.55	0.052	1.643	8.667
2	2	0	3	0	0	3	3	3	0.48	15.7	4.54	1.808	6.717	13.345
1	0	0	2	0	0	3	2	3	0.346	11.16	3.33	0.656	2.992	9.724
0	0	0	2	0	0	2	2	2	0.227	9.038	4.54	2.228	5.34	16.625
2	0	0	2	0	0	3	3	3	0.596	12.23	4.54	1.808	4.424	13.345
1	1	0	3	0	0	3	2	3	0.559	15.38	4.54	2.228	7.109	16.625
2	0	0	0	0	0	2	2	2	0.596	9.515	3.65	0.464	2.18	15.03
0	0	0	3	0	0	3	3	3	0.426	11.68	4.54	2.228	5.439	16.625
0	0	0	3	0	0	3	2	3	0.438	11.29	3.63	0.984	2.165	13.655
3	2	2	3	0	0	3	3	3	0.511	14.78	4.54	2.228	9.252	16.625
3	1	0	3	0	0	3	3	3	0.538	10.68	2	0.187	8.76	6.681
0	0	0	2	0	0	2	0	2	0.072	3.763	3.65	1.014	1.924	7.184
3	3	3	3	0	0	3	3	3	0.874	12.69	4.54	2.228	4.37	16.625
2	2	2	3	0	0	3	3	3	0.878	14.82	4.54	2.228	6.26	16.625
3	2	1	3	0	0	3	3	3	0.703	12.82	3.63	0.981	7.472	12.99
3	3	3	3	0	0	3	3	3	0.915	11.08	3.36	0.691	7.619	9.537
2	2	2	3	0	0	2	2	2	0.967	25	4.54	1.808	8.967	13.345
3	3	3	2	0	0	3	3	3	0.92	11.9	3.36	0.691	8.967	9.537
2	2	2	2	0	0	2	2	2	0.645	12.33	4.54	2.228	5.399	16.625
2	2	2	2	0	0	2	2	2	0.984	9.632	2.64	0.398	3.104	8.337
3	3	3	3	0	0	3	3	3	0.989	16.55	4.73	2.336	9.473	17.066
3	3	3	3	0	0	3	3	3	0.89	14.75	4.73	2.336	7.515	17.066
3	3	3	3	0	0	3	3	3	0.983	13.6	3.85	1.109	7.515	12.195
3	3	3	3	0	0	3	3	3	0.707	13.67	3.57	0.773	8.967	9.501
3	3	3	3	0	0	3	3	3	0.878	12.91	3.57	0.773	7.729	9.501
3	3	3	3	0	0	3	3	3	0.648	13.81	3.84	1.079	9.473	13.47
3	3	3	3	0	0	3	3	3	0.873	13.48	3.57	0.773	8.967	9.501
3	3	3	3	0	0	3	3	3	0.798	11.61	2.29	0.261	8.967	6.867
2	2	2	0	0	0	2	2	2	0.483	11.81	1.73	0.144	2.515	8.196
3	3	3	3	0	0	3	3	3	0.989	16.88	4.73	2.336	9.473	17.066
3	3	3	3	0	0	3	3	3	0.993	16.9	4.73	2.336	7.515	17.066
3	3	3	3	0	0	3	3	3	0.982	16.69	4.73	1.893	7.729	13.707
3	3	3	3	0	0	3	3	3	0.987	16.25	4.73	1.893	7.734	13.707
2	2	2	2	0	0	2	2	2	0.977	17.33	4.73	2.336	5.788	17.066
3	3	3	1	0	0	3	3	3	0.94	15.77	4.73	1.893	8.973	13.707
3	3	3	3	0	0	3	3	3	0.982	14.95	4.73	1.893	7.734	13.707
0	3	3	3	0	0	3	3	3	0.94	16.07	4.73	2.336	9.479	17.066
3	3	3	3	0	0	3	3	3	0.934	16.71	4.73	2.336	7.659	17.066
3	3	3	3	0	0	3	3	3	0.994	13.17	3.55	0.748	7.734	11.09
3	3	3	1	0	0	3	3	3	0.927	12.11	3.55	0.748	7.734	11.09
2	2	2	3	0	0	2	2	2	0.861	37	4.43	2.171	9.438	16.386
2	2	2	3	0	0	2	2	2	0.879	38	4.63	2.279	9.438	16.826
3	3	3	2	0	0	3	3	3	0.795	16.56	3.45	0.722	5.97	9.671
3	3	3	3	0	0	3	3	3	0.806	18.94	4.73	2.336	7.493	17.066
3	3	3	0	0	0	3	3	3	0.895	16.4	4.63	2.279	3.227	12.006
3	3	3	0	0	0	3	3	3	0.939	18.71	3.75	1.062	7.665	11.993
3	3	3	0	0	0	3	3	3	0.708	17.7	3.72	1.016	7.616	13.757
2	0	0	0	0	0	3	3	3	0.667	17.39	3.75	1.068	9.455	11.841
3	0	0	0	0	0	2	2	2	0.668	38	3.75	1.062	7.556	11.993
2	3	2	0	0	0	3	3	3	0.891	16.84	3.42	0.692	7.193	10.758
2	2	2	0	0	0	2	2	2	0.609	16.66	3.75	1.062	5.485	11.993
2	2	2	0	0	0	2	2	2	0.912	14.38	1.49	0.448	2.987	9.068
3	3	3	0	0	0	3	3	3	0.919	19.88	3.75	1.062	9.638	11.993
3	3	3	0	0	0	3	3	3	0.913	15.47	4.63	2.279	2.335	12.006
3	3	3	0	0	0	3	3	3	0.917	20.6	4.63	2.279	9.638	16.826
2	2	2	0	0	0	2	2	2	0.895	38	4.63	1.848	9.123	13.51
3	3	2	0	0	0	3	3	3	0.804	17.8	4.73	1.893	9.161	13.707
2	2	2	0	0	0	2	2	2	0.309	13.23	2.89	0.534	1.968	10.362
0	0	0	0	0	0	3	3	3	0.811	17.32	4.73	1.893	7.332	13.707
3	3	3	0	0	0	3	3	3	0.969	15.77	3.55	0.748	7.893	11.09
3	0	0	0	0	0	3	3	3	0.784	20.3	4.73	2.336	9.681	17.066
3	0	0	0	0	0	3	3	3	0.868	22	4.73	2.336	9.681	17.066
3	0	0	0	0	0	3	3	3	0.861	18.81	3.84	1.074	7.675	14.149
3	0	0	3	0	0	2	2	2	0.623	38	4.73	2.336	5.946	17.066
2	0	0	3	0	0	3	3	3	0.862	18.25	4.73	1.893	7.291	13.707
2	0	0	2	0	0	2	2	2	0.54	14.84	2.89	0.491	2.057	9.605
3	2	0	3	0	0	2	2	2	0.911	38	4.73	2.336	7.829	17.066
3	3	1	3	0	0	3	3	3	0.858	18.88	4.73	1.893	9.163	13.707
2	0	0	2	0	0	2	2	2	0.477	15.51	3.8	1.021	5.42	11.399
3	3	2	3	0	0	3	3	3	0.917	19.34	4.73	1.893	7.334	13.707
3	3	3	3	0	0	3	3	3	0.813	18.34	4.73	1.893	9.163	13.707
2	2	2	2	0	0	2	2	2	0.454	17.46	4.73	2.336	2.596	17.066
3	3	3	3	0	0	3	3	3	0.937	19.75	4.73	2.336	7.675	17.066
3	3	3	3	0	0	3	3	3	0.949	20.4	4.73	2.336	7.675	17.066
2	2	2	0	0	0	2	2	2	0.609	38	4.73	1.893	7.332	13.707
3	3	3	0	0	0	3	3	3	0.578	17.55	3.55	0.747	7.336	10.214
2	2	2	0	0	0	2	2	2	0.241	16.75	4.73	2.336	2.514	17.066
3	0	0	3	0	0	3	3	3	0.911	18.94	4.73	1.893	7.332	13.707
3	2	0	3	0	0	3	3	3	0.973	18.15	4.73	1.893	7.893	13.707
3	0	0	3	0	0	3	3	3	0.846	19.35	4.73	2.336	9.681	17.066
3	0	0	3	0	0	3	3	3	0.927	18.99	4.73	2.336	7.675	17.066
3	1	1	3	0	0	3	3	3	0.947	20.2	4.73	1.893	9.163	13.707
0	2	2	2	0	0	2	2	2	0.88	16.39	3.81	1.021	5.976	11.399
3	1	1	3	0	0	3	3	3	0.825	18.9	4.73	1.893	7.374	13.707
3	1	0	2	0	0	3	3	3	0.768	16.5	3.53	0.718	7.374	9.971
2	0	0	2	0	0	2	2	2	0.345	16.23	3.86	1.117	2.583	11.933
3	1	0	2	0	0	3	3	3	0.938	18.99	4.73	1.893	5.054	13.707
2	2	1	3	0	0	2	2	2	0.891	38	4.73	2.336	7.696	17.066
3	1	0	3	0	0	2	2	2	0.97	37	3.86	1.116	7.865	12.444
3	3	2	3	0	0	3	3	3	0.954	18.43	4.73	1.893	7.374	13.707
2	2	0	2	0	0	2	2	2	0.851	16.28	3.86	1.116	4	12.444
3	0	1	2	0	0	3	3	3	0.938	17.22	3.57	0.77	6.165	9.722
3	1	2	2	0	0	3	3	3	0.98	17.98	5	2.002	6.177	14.197
1	1	1	1	0	0	1	1	1	0.891	15.44	5	2.473	2.432	17.663
3	1	1	2	0	0	3	3	3	0.973	16.83	3.85	0.864	5.885	9.882
3	2	2	3	0	0	3	3	3	0.964	18.81	5	2.473	6.418	17.663
2	0	0	2	0	0	2	2	2	0.973	17.85	5	2.473	4.774	17.663
2	2	2	3	0	0	2	2	2	0.976	38	5	2.002	9.189	14.197
3	2	2	3	0	0	3	3	3	0.962	19.8	5	2.002	9.189	14.197
2	2	2	2	0	0	2	2	2	0.665	16.77	5	2.473	2.421	13.132
3	1	2	3	0	0	3	3	3	0.928	14.41	4.12	1.223	1.901	7.877
3	0	1	3	0	0	3	3	3	0.969	20.2	5	2.473	7.899	17.663
2	2	2	2	0	0	2	2	2	0.899	13.16	3.22	0.632	4.903	10.731
3	3	3	3	0	0	3	3	3	0.999	11.98	3.83	0.846	7.95	10.231
3	3	3	3	0	0	3	3	3	0.971	14.49	4.12	1.223	9.754	12.7
3	2	2	3	0	0	3	3	3	0.977	14.68	5	2.473	9.754	17.663
3	3	3	3	0	0	3	3	3	0.536	13.05	3.15	0.578	9.717	14.598
3	3	3	3	0	0	3	3	3	0.747	15.71	5	2.473	7.703	17.663
3	2	1	3	0	0	2	2	2	0.579	24.7	4.13	1.232	9.717	12.437
3	3	3	3	0	0	3	3	3	0.779	14	5	2.002	9.197	14.197
0	0	0	2	0	0	2	2	2	0.579	12.37	5	2.473	5.507	17.663
3	3	3	3	0	0	3	3	3	0.933	13	5	2.002	7.922	14.197
2	1	1	2	0	0	2	2	2	0.938	22.9	4.01	1.156	7.86	13.929
2	2	2	3	0	0	2	2	2	0.933	26	5	2.473	9.717	17.663
2	2	2	3	0	0	2	2	2	0.898	28.6	5	2.002	9.197	14.197
3	3	3	3	0	0	3	3	3	0.799	14.37	5	2.002	9.197	14.197
2	2	2	2	0	0	2	2	2	0.392	10.85	1.28	0.332	2.631	8.498
2	1	1	0	0	0	3	3	3	0.489	13.31	4.13	1.231	5.988	12.95
2	2	2	0	0	0	3	3	3	0.806	12.42	3.81	0.81	7.922	10.533
1	2	2	2	0	0	2	2	2	0.809	10.05	1.05	0.281	1.996	8.4
2	2	2	3	0	0	2	2	2	0.901	26.5	4.8	1.918	7.922	13.836
2	2	2	2	0	0	2	2	2	0.839	9.733	2.97	0.533	2.501	5.212
2	0	0	3	0	0	3	3	3	0.709	13.32	5	2.002	3.927	14.197
2	2	2	2	0	0	2	2	2	0.755	29.7	5	2.473	5.926	17.663
3	2	2	2	0	0	2	2	2	0.82	31	5	2.473	9.754	17.663
3	2	2	3	0	0	3	3	3	0.822	14.41	5	2.002	9.231	14.197
0	0	0	2	0	0	2	2	2	0.511	7.082	4.13	1.231	4.703	12.95
1	0	0	0	0	0	3	2	3	0.406	6.799	3.68	2.002	3.289	3.583
3	0	0	0	0	0	3	3	3	0.32	9.95	4.26	1.282	2.609	12.957
3	2	2	3	0	0	2	2	2	0.806	27.8	4.26	1.289	9.754	13.202
3	3	3	3	0	0	3	3	3	0.812	13.36	3.95	0.859	9.231	11.555
2	0	0	0	0	0	2	2	2	0.696	13.11	3.35	0.674	3.426	11.087
2	2	2	3	0	0	2	2	2	0.897	34	5.14	2.057	9.231	14.443
3	3	3	3	0	0	3	3	3	0.854	15.22	5.14	2.057	9.231	14.443
2	2	2	2	0	0	2	2	2	0.665	11.71	3.24	0.588	3.521	7.928
2	2	2	2	0	0	2	2	2	0.853	11.59	4.27	1.3	2.212	12.157
3	3	3	3	0	0	3	3	3	0.868	16.1	4.23	1.231	9.754	14.091
3	3	3	1	0	0	3	3	3	0.915	15.99	5.14	2.542	6.012	17.963
3	3	3	3	0	0	3	3	3	0.888	16.43	5.14	2.542	7.73	17.963
3	3	3	2	0	0	3	3	3	0.968	17.4	5.14	2.057	7.95	14.443
3	3	3	3	0	0	3	3	3	0.989	14.42	3.97	0.89	7.95	10.429
2	2	2	0	0	0	2	2	2	0.968	17.84	4.27	1.297	4.006	13.1
2	3	3	3	0	0	3	3	3	0.574	17.41	3.94	0.849	7.401	10.598
3	3	3	2	0	0	3	3	3	0.826	17.77	5.14	2.057	7.943	14.443
1	1	1	1	0	0	1	1	1	0.645	14.54	3.16	0.529	1.638	5.38
3	3	3	2	0	0	3	3	3	0.731	19.11	3.3	0.636	9.745	9.707
3	3	3	3	0	0	3	3	3	0.704	17.37	3.95	0.859	9.231	11.555
0	2	2	2	0	0	2	2	2	0.446	19.17	4.24	1.244	4.002	14.276
3	2	2	3	0	0	2	2	2	0.689	38	4.26	1.282	9.754	12.957
3	3	3	3	0	0	3	3	3	0.857	20.2	5.14	2.057	9.231	14.443
2	2	2	2	0	0	2	2	2	0.648	16.2	4.26	1.287	2.872	9.859
3	3	3	3	0	0	3	3	3	0.919	25.4	5.14	2.542	9.754	17.963
3	3	3	3	0	0	3	3	3	0.957	21.1	4.26	1.29	7.73	12.694
1	2	2	2	0	0	2	2	2	0.804	39	5.14	2.057	7.409	14.443
3	3	3	3	0	0	3	3	3	0.762	19.79	5.14	2.057	9.231	14.443
2	2	2	2	0	0	2	2	2	0.406	17.23	5.14	2.542	5.634	13.389
2	2	2	2	0	0	2	2	2	0.833	17.27	5.14	2.542	2.401	12.996
3	3	3	3	0	0	3	3	3	0.877	22.9	4.47	1.34	9.813	14.705
2	2	2	2	0	0	2	2	2	0.694	17.94	4.49	1.386	7.776	13.113
3	3	3	3	0	0	3	3	3	0.972	19.65	5.36	2.146	7.997	14.837
1	1	1	2	0	0	1	1	1	0.96	38	4.47	1.34	2.503	13.883
2	3	3	3	0	0	3	3	3	0.957	27	5.36	2.656	9.813	18.447
3	2	3	2	0	0	3	3	3	0.75	21.3	4.49	1.386	9.813	13.113
3	2	2	3	0	0	3	3	3	0.682	24.2	5.36	2.656	6.043	18.447
0	0	0	2	0	0	2	2	2	0.52	14.28	5.36	2.656	3.968	18.447
3	1	1	3	0	0	3	3	3	0.823	18	5.36	2.146	6.246	14.837
3	3	3	3	0	0	3	3	3	0.965	20.6	5.36	2.656	7.776	18.447
3	3	3	3	0	0	3	3	3	0.99	17.4	4.19	0.952	9.287	12.061
2	2	2	2	0	0	2	2	2	0.982	20.7	5.36	2.656	5.994	18.447
3	0	0	2	0	0	3	3	3	0.739	18.73	4.19	0.952	9.287	12.061
2	0	3	3	0	0	3	3	3	0.864	17.29	4.17	0.927	6.246	11.082
3	0	3	3	0	0	3	3	3	0.697	21.4	5.36	2.656	7.959	18.447
2	2	2	2	0	0	2	2	2	0.749	39	5.36	2.146	9.287	14.837
3	2	3	3	0	0	3	3	3	0.693	20.3	5.36	2.146	9.287	14.837
2	2	2	2	0	0	2	2	2	0.426	16.71	2.58	0.756	4.837	10.642
1	2	2	3	0	0	2	2	2	0.522	38	4.49	1.383	7.976	13.744
3	1	1	3	0	0	3	3	3	0.753	18.41	4.2	0.962	9.287	10.76
2	0	0	2	0	0	2	2	2	0.418	15.58	3.47	0.657	2.167	11.091
2	2	2	3	0	0	3	3	3	0.955	20.4	5.36	2.656	4.903	18.447
3	3	3	3	0	0	3	3	3	0.948	17.52	4.19	0.952	9.287	12.061
2	2	2	2	0	0	2	2	2	0.917	18.06	5.36	2.656	2.67	11.866
3	3	3	3	0	0	3	3	3	0.617	18.52	4.46	1.327	7.776	14.52
3	3	3	2	0	0	3	3	3	0.725	19.01	4.48	1.377	7.776	13.375
3	3	3	3	0	0	3	3	3	0.871	24.8	5.36	2.656	9.813	18.447
2	3	3	2	0	0	3	3	3	0.859	19.36	5.36	2.146	9.287	14.837
2	2	2	2	0	0	2	2	2	0.672	17.06	2.69	0.877	5.046	7.139
3	3	3	3	0	0	3	3	3	0.96	19.16	5.36	2.146	7.997	14.837
3	3	3	3	0	0	3	3	3	0.948	20.7	5.36	2.146	9.287	14.837
0	0	0	2	0	0	0	0	0	0	37	1.61	0.086	3.059	5.617
2	2	2	3	0	0	2	2	2	0.878	38	5.36	2.146	9.287	14.837
3	3	3	3	0	0	3	3	3	0.799	20.2	5.36	2.146	9.287	14.837
2	2	2	2	0	0	2	2	2	0.556	16.1	1.66	0.422	3.165	9.417
3	3	3	3	0	0	3	3	3	0.833	19.29	5.36	2.146	7.997	14.837
3	3	3	2	0	0	3	3	3	0.841	21.1	5.36	2.146	9.287	14.837
0	0	0	2	0	0	0	0	0	0	38	3.57	0.738	4.935	11.433
2	2	2	2	0	0	2	2	2	0.857	16.23	4.48	1.373	3.614	10.636
3	3	1	3	0	0	3	3	3	0.824	25.9	5.14	2.542	7.902	17.963
3	3	3	3	0	0	3	3	3	0.865	21.9	5.36	2.656	7.776	18.447
3	3	3	3	0	0	3	3	3	0.832	22.6	5.36	2.656	7.776	18.447
2	2	2	2	0	0	2	2	2	0.712	17.92	4.48	1.377	3.72	8.453
3	3	3	3	0	0	3	3	3	0.714	26.9	5.36	2.656	9.813	18.447
2	2	2	2	0	0	2	2	2	0.859	15.99	4.46	1.327	1.395	12.091
3	3	3	3	0	0	3	3	3	0.821	27	5.36	2.656	9.813	18.447
2	2	2	2	0	0	2	2	2	0.803	39	5.36	2.146	9.287	14.837
3	3	3	3	0	0	3	3	3	0.659	20.8	5.36	2.146	9.287	14.837
2	2	2	2	0	0	2	2	2	0.407	18.71	5.36	2.146	4.518	14.837
3	0	0	3	0	0	3	3	3	0.655	19.63	5.36	2.146	9.287	14.837
3	1	1	3	0	0	3	3	3	0.674	21.5	5.36	2.656	7.776	18.447
2	2	2	3	0	0	2	2	2	0.752	39	5.14	2.057	9.231	14.443
3	3	3	2	0	0	3	3	3	0.592	21	5.36	2.146	9.287	14.837
2	2	2	2	0	0	2	2	2	0.259	17.02	4.49	1.385	6.821	9.912
3	0	0	3	0	0	3	3	3	0.696	17.22	5.36	2.146	9.287	14.837
2	2	2	3	0	0	3	3	3	0.76	22.7	5.36	2.656	7.776	18.447
3	0	0	3	0	0	3	3	3	0.566	24.1	5.36	2.656	4.884	18.447
3	1	1	3	0	0	3	3	3	0.775	18.98	5.36	2.146	7.997	14.837
0	0	0	3	0	0	3	0	1	0.411	11.04	2.77	0.945	4.099	11.97
3	0	0	3	0	0	3	2	3	0.656	15.27	5.36	2.146	7.997	14.837
3	0	0	3	0	0	3	0	3	0.398	14.5	5.36	2.656	9.813	18.447
2	2	2	3	0	0	2	2	2	0.803	39	5.36	2.146	9.287	14.837
3	3	3	3	0	0	3	3	3	0.613	20.6	5.36	2.146	9.287	14.837
2	2	0	2	0	0	2	2	2	0.291	16.85	3.57	0.745	7.968	11.394
2	1	1	3	0	0	2	2	2	0.811	38	4.2	0.962	9.287	10.76
3	1	1	3	0	0	3	3	3	0.598	22.5	5.36	2.146	9.287	14.837
2	0	0	2	0	0	2	2	2	0.271	18.71	4.53	1.405	6.697	13.643
3	1	1	3	0	0	3	3	3	0.871	28.1	5.41	2.685	9.813	18.543
3	1	1	3	0	0	3	3	3	0.935	20.4	5.41	2.168	9.287	14.914
2	0	0	2	0	0	2	2	2	0.493	19.02	3	0.991	2.385	9.716
2	0	0	3	0	0	2	2	2	0.808	39	5.29	2.112	9.283	14.707
3	0	0	3	0	0	3	3	3	0.693	21.1	5.41	2.168	9.287	14.914
2	2	2	2	0	0	2	2	2	0.29	16.87	4.52	2.685	4.039	14.161
3	1	1	3	0	0	3	3	3	0.832	20.8	5.41	2.168	7.997	14.914
2	1	1	3	0	0	3	3	3	0.816	17.55	5.41	2.168	9.287	14.914
0	0	0	2	0	0	0	0	0	0	39	5.41	2.685	7.776	18.543
0	0	0	3	0	0	3	0	0	0.638	11.68	5.41	2.168	3.455	14.914
2	0	0	3	0	0	3	3	2	0.614	15.61	4.53	1.401	7.776	13.459
2	0	0	2	0	0	2	2	2	0.38	17.8	5.41	2.685	2.568	11.916
3	2	1	3	0	0	3	3	3	0.813	17.99	4.22	0.944	7.997	11.149
1	0	0	3	0	0	3	3	3	0.533	19.58	5.41	2.685	7.776	18.543
3	2	2	3	0	0	3	3	3	0.715	18.15	5.41	2.685	7.776	18.543
2	2	2	3	0	0	3	3	3	0.755	21.1	4.53	1.401	7.939	13.459
2	0	0	3	0	0	3	3	3	0.787	20.6	4.51	1.366	7.823	15.452
1	1	1	3	0	0	3	3	3	0.874	22.1	5.22	2.582	5.697	18.141
0	1	0	3	0	0	3	3	3	0.896	22.4	5.41	2.685	6.682	18.543
0	0	0	2	0	0	2	2	2	0.487	15.39	4.52	1.379	1.464	6.893
2	3	3	3	0	0	3	3	3	0.895	19.9	5.41	2.168	7.997	14.914
0	0	0	2	0	0	2	2	2	0.507	17.01	4.54	1.415	6.049	13.499
0	2	2	3	0	0	3	3	3	0.883	19.6	5.41	2.168	6.159	14.914
0	0	0	3	0	0	3	0	2	0.523	15.26	5.41	2.685	6.621	18.543
0	0	0	3	0	0	3	2	2	0.332	16.2	4.53	1.383	4.852	14.952
0	0	0	3	0	0	3	1	2	0.555	13.71	5.41	2.685	3.989	18.543
3	0	0	3	0	0	3	3	3	0.723	21.5	5.27	2.597	6.034	18.23
3	2	2	3	0	0	3	3	3	0.754	19.35	4.39	1.327	9.8	13.191
1	0	0	3	0	0	3	1	3	0.762	22.2	5.27	2.597	7.947	18.23
1	1	0	3	0	0	3	1	2	0.399	16.51	4.39	1.327	6.139	9.743
0	0	0	3	0	0	3	0	1	0.332	12.19	3.44	0.675	4.198	4.776
0	2	1	3	0	0	3	2	2	0.427	14.91	4.09	0.904	5.014	11.786
0	0	0	3	0	0	3	1	1	0.393	12.04	4.02	2.099	4.685	11.399
0	0	0	2	0	0	2	0	0	0.144	7.556	3.48	0.707	1.503	9.307
0	0	0	0	0	0	3	0	1	0.124	15.43	2.89	0.926	2.232	5.175
0	0	0	0	0	0	3	0	0	0.22	12.98	5.27	2.597	3.818	13.318
0	0	0	0	0	0	2	0	0	0.104	10.99	5.27	2.597	2.937	18.23
0	0	0	3	0	0	3	0	0	0.494	6.588	4.02	2.099	4.139	11.399
0	0	0	3	0	0	3	1	2	0.74	14.15	5.27	2.099	6.004	14.658
0	0	0	3	0	0	3	0	3	0.419	11.81	5.27	2.597	9.764	18.23
0	0	0	0	0	0	3	0	0	0.368	15.35	5.27	2.597	5.078	8.025
0	0	0	0	0	0	3	0	0	0.247	13.11	4.34	2.597	4.396	15.609
1	0	0	0	0	0	2	1	1	0.257	14.24	2.6	0.926	1.208	4.12
0	0	0	0	0	0	3	0	1	0.229	12.7	5.27	2.597	2.48	13.318
0	0	0	0	0	0	0	0	0	0.257	11.09	5.27	2.597	0.684	9.96
1	3	1	3	0	0	3	3	3	0.685	18.61	4.39	1.327	6.722	13.191
0	0	0	3	0	0	3	2	2	0.67	19.14	5.27	2.597	5.702	18.23
0	1	0	3	0	0	3	3	3	0.778	21.6	5.27	2.597	9.4	18.23
0	0	0	3	0	0	3	1	3	0.802	16.59	5.27	2.099	3.608	14.658
0	3	3	3	0	0	3	3	3	0.877	20.9	5.27	2.597	6.19	18.23
0	2	0	3	0	0	3	2	2	0.877	18.11	5.27	2.597	6.187	18.23
1	0	0	0	0	0	3	3	3	0.441	19.74	5.27	2.597	7.917	16.397
1	1	1	0	0	0	3	1	3	0.615	11.52	4.07	0.888	4.117	9.683
2	1	1	0	0	0	3	3	3	0.839	21.9	5.41	2.685	7.916	16.71
1	2	2	0	0	0	3	3	3	0.842	17.47	5.41	2.685	9.731	16.71
0	0	0	0	0	0	3	3	3	0.842	19.37	5.41	2.685	6.282	18.543
0	0	0	0	0	0	3	3	3	0.933	18.09	5.41	2.685	4.649	18.543
1	1	0	3	0	0	3	3	3	0.594	16.84	5.41	2.685	5.351	8.237
0	0	0	3	0	0	3	3	3	0.616	14.85	4.53	1.408	7.43	10.025
0	0	0	2	0	0	2	2	2	0.583	11.15	5.41	2.685	1.727	11.916
0	0	0	3	0	0	3	3	3	0.929	18.65	5.41	2.168	6.1	14.914
1	3	2	3	0	0	3	3	3	0.846	20.6	5.27	2.597	9.61	18.23
1	3	0	3	0	0	3	3	3	0.866	20.3	4.33	2.597	7.685	14.763
0	0	0	3	0	0	3	3	3	0.505	17.61	5.27	2.597	7.849	18.23
0	0	0	3	0	0	3	3	3	0.546	14.41	4.34	2.597	2.604	15.609
2	2	0	3	0	0	3	3	3	0.941	23.3	5.27	2.597	7.649	18.23
2	1	0	3	0	0	3	3	3	0.959	20.5	5.27	2.597	6.336	18.23
0	0	0	3	0	0	3	3	3	0.495	19.81	4.37	1.292	7.693	15.175
0	1	0	2	0	0	3	3	3	0.909	18.57	5.27	2.099	6.089	14.658
3	2	0	3	0	0	3	3	3	0.786	15.76	5.27	2.099	4.943	14.658
1	0	0	3	0	0	3	2	3	0.73	13.49	4.11	0.935	4.155	10.461
2	0	0	2	0	0	2	2	2	0.257	11.06	3.48	0.715	1.313	8.488
0	2	0	3	0	0	2	2	2	0.822	39	5.27	2.597	7.675	18.23
0	2	1	3	0	0	3	3	3	0.953	20.4	5.27	2.099	7.407	14.658
2	2	2	2	0	0	2	2	2	0.78	16.14	3.48	0.709	5.665	8.799
1	1	1	3	0	0	3	3	3	0.894	16.53	4.33	2.597	1.524	11.319
1	3	3	3	0	0	3	3	3	0.861	20.4	4.37	1.292	9.681	15.175
0	0	0	2	0	0	3	0	1	0.831	12.33	5.27	2.099	5.07	14.658
0	0	0	3	0	0	3	2	2	0.961	16.71	5.27	2.099	7.893	14.658
0	0	0	3	0	0	3	0	0	0.654	16.3	5.27	2.597	7.828	18.23
0	2	2	3	0	0	3	3	3	0.976	26.3	5.27	2.597	9.681	18.23
1	1	1	3	0	0	3	3	3	0.982	19.76	5.27	2.099	9.163	14.658
0	0	0	2	0	0	2	0	2	0.726	14.94	5.27	2.597	5.944	18.23
0	1	0	3	0	0	3	2	2	0.738	17.22	4.1	2.099	3.611	10.026
0	0	0	3	0	0	3	0	2	0.713	15.35	5.27	2.597	4.545	13.916
0	0	0	2	0	0	2	0	2	0.738	14.36	2.4	0.302	0.72	7.651
3	2	2	3	0	0	3	3	3	0.95	21	5.27	2.099	6.046	14.658
2	3	2	3	0	0	3	3	3	0.843	17.81	4.1	0.928	7.138	10.408
0	0	0	2	0	0	0	0	0	0	38	4.39	1.327	1.466	9.551
1	0	0	2	0	0	3	2	2	0.478	19.99	5.27	2.597	9.681	18.23
2	0	0	3	0	0	3	3	3	0.705	19.02	4.39	1.327	7.675	13.191
2	1	0	3	0	0	3	3	3	0.915	20.1	5.27	2.597	5.957	18.23
3	0	0	3	0	0	3	3	3	0.891	21.3	5.41	2.168	9.168	14.914
0	0	0	2	0	0	2	2	2	0.434	10.41	4.53	0.771	1.651	12.788
0	0	0	3	0	0	3	0	0	0.339	12.06	3.01	0.437	6.087	9.171
0	0	0	3	0	0	3	3	3	0.87	21.9	5.41	2.168	7.897	14.914
0	0	0	3	0	0	3	3	3	0.457	15.26	5.41	2.685	7.701	18.543
2	3	2	2	0	0	3	3	3	0.812	21.4	5.41	2.168	9.168	14.914
3	3	3	3	0	0	3	3	3	0.751	21.6	5.41	2.168	9.168	14.914
2	2	2	2	0	0	2	2	2	0.239	19.1	4.51	1.366	4.835	15.452
3	3	3	3	0	0	3	3	3	0.987	26.8	5.41	2.685	9.686	18.543
3	3	3	3	0	0	3	3	3	0.985	23.2	5.41	2.685	9.686	18.543
3	3	3	3	0	0	3	3	3	0.97	19.42	5.42	2.172	7.897	14.93
2	1	1	2	0	0	2	2	2	0.936	39	5.27	2.602	9.686	18.25
0	2	2	3	0	0	2	2	2	0.947	39	5.27	2.602	9.686	18.25
2	0	0	2	0	0	3	2	2	0.612	16.48	5.27	2.103	2.733	14.674
1	0	0	3	0	0	3	0	0	0.48	15.76	4.34	2.602	4.455	12.793
2	0	0	2	0	0	2	2	2	0.612	16.14	5.27	2.602	1.887	18.25
2	3	3	3	0	0	3	3	3	0.903	20.3	5.27	2.103	7.411	14.674
2	1	1	3	0	0	3	3	3	0.752	19.92	5.27	2.103	7.411	14.674
0	2	2	2	0	0	2	2	2	0.343	17.51	3.63	0.767	3.96	11.174
2	3	2	3	0	0	3	3	3	0.952	23	5.42	2.689	6.65	18.562
2	2	2	3	0	0	3	3	3	0.951	19.23	4.53	1.382	7.736	15.554
2	0	0	3	0	0	3	0	0	0.457	17.41	1.3	0.418	7.721	3.144
2	0	0	3	0	0	3	0	0	0.345	15.47	4.54	1.411	3.997	13.562
2	0	0	2	0	0	2	0	0	0.457	14.28	5.42	2.689	1.258	14.207
2	3	3	3	0	0	3	3	3	0.956	17.79	5.42	2.172	7.969	14.93
2	3	3	3	0	0	3	3	3	0.891	19.13	5.42	2.172	9.254	14.93
0	0	0	2	0	0	0	0	0	0	38	5.42	2.689	1.653	8.25
0	1	0	2	0	0	3	2	2	0.348	17.68	2.78	0.868	2.043	6.088
1	0	0	3	0	0	3	2	3	0.174	17.24	4.52	1.368	3.279	14.808
0	0	0	2	0	0	2	2	2	0.338	17.59	5.42	2.689	1.665	14.918
1	0	0	3	0	0	3	1	1	0.347	14.18	3.97	0.812	2.06	10.231
0	1	0	3	0	0	3	3	3	0.85	18.47	5.27	2.103	6.222	14.674
3	0	0	3	0	0	3	3	3	0.472	21.2	5.27	2.602	7.917	18.25
2	0	0	3	0	0	3	3	3	0.796	15.8	5.27	2.103	9.254	14.674
3	3	3	3	0	0	3	3	3	0.957	17.3	5.27	2.103	6.222	14.674
3	0	0	3	0	0	3	3	3	0.709	23.4	5.27	2.602	9.833	18.25
2	0	0	3	0	0	2	2	2	0.854	39	5.27	2.602	7.791	18.25
2	0	0	3	0	0	3	2	3	0.943	21.3	5.27	2.103	6.007	14.674
0	0	0	2	0	0	2	0	0	0.783	12.72	5.27	2.602	2.912	8.038
2	0	0	3	0	0	3	2	3	0.586	17.67	5.27	2.602	9.833	18.25
3	0	0	3	0	0	3	2	3	0.758	15.09	5.27	2.103	9.306	14.674
0	0	0	0	0	0	2	0	0	0.047	1.591	0.647	0.245	-0.669	18.102
3	2	0	3	0	0	2	2	2	0.754	39	5.27	2.602	7.749	18.25
1	2	1	3	0	0	3	3	3	0.766	19	5.27	2.103	9.254	14.674
2	0	0	2	0	0	2	2	2	0.653	18.85	5.27	2.602	6.712	18.25
2	2	1	2	0	0	2	2	2	0.762	18.88	4.38	2.602	4.88	13.909
3	3	3	3	0	0	3	3	3	0.955	19.29	5.27	2.103	7.986	14.674
2	1	0	3	0	0	3	2	2	0.583	17.69	5.27	2.602	3.819	18.25
2	0	0	3	0	0	3	1	2	0.605	14.02	4.39	1.315	7.938	15.248
2	2	2	3	0	0	3	3	3	0.956	19.58	5.27	2.103	7.986	14.674
3	2	2	3	0	0	3	3	3	0.848	18.7	4.11	0.931	7.513	10.421
0	0	0	2	0	0	0	0	0	0	38	2.53	0.312	1.697	10.037
0	0	0	3	0	0	3	0	0	0.639	3.783	4.38	2.602	0.534	13.909
0	0	0	3	0	0	3	1	1	0.801	15.46	5.27	2.602	2.262	18.25
3	2	0	3	0	0	2	2	2	0.825	39	5.27	2.602	7.765	18.25
2	1	1	3	0	0	3	3	3	0.957	20.2	5.27	2.103	6.29	14.674
2	0	0	2	0	0	2	2	2	0.817	16.67	4.4	1.345	4.188	9.656
1	0	0	0	0	0	3	3	3	0.948	20.6	5.27	2.602	7.765	18.25
0	0	0	0	0	0	3	1	3	0.949	21.4	5.27	2.103	7.513	14.674
0	0	0	0	0	0	2	2	2	0.841	17.47	5.27	2.602	5.919	18.25
0	0	0	0	0	0	3	1	3	0.539	15.59	5.27	2.602	4.774	18.25
0	0	1	0	0	0	3	1	3	0.728	18.06	4.38	1.294	7.734	14.531
1	1	0	0	0	0	3	2	2	0.71	19.31	5.27	2.602	6.674	18.25
0	0	0	0	0	0	3	0	2	0.698	17.12	5.27	2.602	6.272	18.25
0	0	0	0	0	0	3	0	1	0.763	10.51	5.27	2.602	1.37	11.671
0	0	0	0	0	0	3	0	3	0.919	13.24	5.27	2.103	3.957	14.674
0	0	0	2	0	0	3	2	3	0.543	16.13	5.17	2.057	6.082	14.48
0	0	0	3	0	0	3	1	1	0.493	11.48	4	0.894	6.34	7.768
0	0	0	2	0	0	2	0	2	0.218	12.49	2.41	0.281	2.63	9.669
0	0	0	2	0	0	3	1	2	0.807	16.23	5.17	2.544	3.503	18.014
0	0	0	3	0	0	3	2	2	0.889	16.54	4.29	1.282	3.764	13.006
0	0	0	3	0	0	3	2	3	0.937	19.51	5.17	2.544	5.793	18.014
0	0	0	3	0	0	3	0	2	0.914	17.29	5.17	2.057	6.97	14.48
0	0	0	2	0	0	2	0	0	0.75	15.58	4.29	1.282	5.822	13.006
0	1	0	0	0	0	3	0	0	0.416	14.75	4.05	2.544	3.776	4.262
0	0	0	0	0	0	3	0	0	0.323	7.216	4.05	2.544	5.028	4.262
0	0	0	3	0	0	3	0	1	0.66	12.78	5.17	2.544	2.885	18.014
0	0	0	3	0	0	3	0	2	0.504	13.88	4.29	1.282	7.355	13.006
0	0	0	3	0	0	3	0	0	0.296	7.976	5.17	2.544	2.479	13.727
0	0	0	3	0	0	3	0	1	0.527	13.11	5.17	2.544	6.16	18.014
0	0	0	3	0	0	2	2	2	0.705	38	5.17	2.544	4.859	18.014
0	0	0	3	0	0	3	1	3	0.756	17.46	3.93	2.057	5.982	11.247
0	0	0	0	0	0	2	0	0	0.607	12.37	3.24	2.544	3.924	10.113
0	0	0	3	0	0	3	0	0	0.833	9.02	5.17	2.057	4.356	14.48
0	0	0	3	0	0	3	1	3	0.948	15.57	5.17	2.057	5.087	14.48
0	0	0	3	0	0	3	0	0	0.69	11.09	5.17	2.544	7.952	18.014
0	0	0	3	0	0	2	2	2	0.605	38	5.17	2.544	4.774	18.014
0	0	0	3	0	0	3	2	2	0.701	16.4	3.99	0.872	5.919	11.636
0	0	0	2	0	0	2	0	2	0.338	13.25	3.3	0.605	5.678	9.755
1	0	0	3	0	0	3	1	2	0.566	12.47	5.17	2.544	3.899	18.014
1	0	0	3	0	0	3	3	3	0.668	16.88	5.17	2.544	3.724	18.014
0	0	0	3	0	0	3	1	1	0.73	11.67	5.17	2.057	7.066	14.48
0	0	0	3	0	0	3	3	3	0.927	19.07	5.17	2.057	7.655	14.48
0	0	0	3	0	0	3	3	3	0.699	16.72	5.27	2.601	9.813	18.234
3	1	0	3	0	0	3	3	3	0.892	19.23	5.27	2.601	7.776	18.234
2	2	1	2	0	0	3	3	3	0.897	20.2	5.27	2.102	9.287	14.662
2	0	0	2	0	0	2	2	2	0.448	18.28	4.38	1.314	5.945	15.234
3	3	3	3	0	0	3	3	3	0.949	22.3	5.27	2.601	5.88	18.234
2	3	3	3	0	0	3	3	3	0.97	23.8	5.27	2.601	9.813	18.234
3	3	3	3	0	0	3	3	3	0.965	19.49	5.27	2.102	6.249	14.662
2	3	3	2	0	0	3	3	3	0.948	20.9	5.27	2.102	7.256	14.662
0	0	0	2	0	0	0	0	0	0	38	4.29	1.282	4.885	13.006
3	3	2	3	0	0	3	3	3	0.959	23.4	5.27	2.601	9.813	18.234
3	3	3	3	0	0	3	3	3	0.973	18.69	5.27	2.102	7.277	14.662
0	0	0	2	0	0	2	2	2	0.676	16.26	4.4	1.343	1.752	9.56
0	0	0	3	0	0	3	2	2	0.369	12.74	5.27	2.601	5.076	18.234
1	0	0	3	0	0	3	3	3	0.688	15.24	5.27	2.102	6.145	14.662
2	2	0	3	0	0	3	3	3	0.881	17.35	4.11	0.937	2.48	10.463
2	1	0	3	0	0	3	3	3	0.928	21.7	5.27	2.601	4.073	18.234
2	2	0	2	0	0	2	2	2	0.881	16.03	3.42	0.658	1.707	8.125
1	1	0	3	0	0	3	3	3	0.752	21.1	4.39	1.33	8.009	13.193
1	0	0	3	0	0	3	3	3	0.828	20.7	5.27	2.601	3.25	18.234
1	0	0	2	0	0	2	2	2	0.79	16.06	5.27	2.601	4.783	18.234
2	2	2	3	0	0	3	3	3	0.979	19.21	5.27	2.102	7.997	14.662
1	0	0	3	0	0	2	2	2	0.818	39	5.27	2.601	5.959	18.234
1	0	0	3	0	0	3	3	3	0.967	16.72	5.27	2.102	6.275	14.662
2	0	0	2	0	0	2	2	2	0.833	13.59	5.27	2.601	4.798	11.686
2	2	2	3	0	0	3	3	3	0.971	18.24	5.27	2.102	6.249	14.662
3	2	1	3	0	0	3	3	3	0.946	21.7	5.27	2.102	9.287	14.662
0	0	0	2	0	0	0	0	0	0	38	5.27	2.601	6.051	11.686
2	0	0	3	0	0	3	3	3	0.787	16.61	4.11	0.937	5.055	10.463
1	0	0	3	0	0	3	2	3	0.776	14.57	4.11	0.937	3.709	10.463
0	0	0	2	0	0	2	2	2	0.261	15.98	5.27	2.601	4.908	18.234
0	0	0	3	0	0	3	2	3	0.795	10.64	5.27	2.102	1.724	14.662
2	1	0	3	0	0	3	3	3	0.823	16	5.27	2.601	4.862	18.234
0	0	0	3	0	0	3	3	3	0.407	13.34	5.26	2.099	9.287	14.646
3	0	0	2	0	0	3	3	3	0.651	19.26	5.27	2.102	6.249	14.662
0	0	0	3	0	0	3	3	3	0.259	14.51	5.27	2.601	6.514	18.234
0	0	0	2	0	0	3	2	3	0.363	10.83	5.27	2.102	6.246	14.662
2	0	0	2	0	0	3	2	3	0.489	12.01	3.42	0.652	2.596	14.767
2	1	0	3	0	0	3	3	3	0.753	17.03	5.27	2.102	6.209	14.662
1	0	0	3	0	0	3	3	3	0.717	14.71	5.27	2.601	3.971	18.234
2	0	0	2	0	0	2	2	2	0.753	16.19	5.27	2.601	4.026	18.234
0	1	0	3	0	0	3	3	3	0.673	13.43	5.27	2.102	2.194	14.662
2	2	1	3	0	0	2	2	2	0.704	38	4.39	1.33	5.959	13.193
3	2	1	3	0	0	2	2	2	0.839	38	5.27	2.601	7.776	18.234
2	3	3	2	0	0	3	3	3	0.967	19.55	5.27	2.102	7.526	14.662
0	2	2	2	0	0	2	2	2	0.828	18.22	5.27	2.601	7.823	18.234
0	0	0	3	0	0	3	2	3	0.731	12.02	5.27	2.102	7.333	14.662
2	0	0	3	0	0	3	2	3	0.435	13.44	5.27	2.601	5.055	18.234
3	3	3	3	0	0	3	3	3	0.982	18.69	5.27	2.102	6.249	14.662
3	3	3	2	0	0	3	3	3	0.932	20.3	5.27	2.102	7.526	14.662
0	0	0	2	0	0	0	0	0	0	38	5.27	2.601	2.588	18.234
2	0	0	3	0	0	3	3	3	0.631	12.65	4.09	0.909	9.287	11.791
3	2	1	3	0	0	3	3	3	0.893	18.31	5.27	2.102	6.249	14.662
3	0	0	3	0	0	3	3	3	0.543	16.58	5.27	2.601	7.823	18.234
2	2	1	3	0	0	3	3	3	0.839	19.21	5.27	2.102	9.287	14.662
2	1	0	3	0	0	3	3	3	0.811	15.03	5.27	2.102	7.133	14.662
2	0	0	2	0	0	2	2	2	0.336	19.46	5.27	2.601	7.445	18.234
2	3	2	3	0	0	3	3	3	0.919	18.45	4.39	1.33	9.42	13.193
1	1	0	3	0	0	3	3	3	0.91	19.36	5.27	2.601	5.231	18.234
0	1	0	3	0	0	3	3	3	0.787	12.44	5.27	2.102	3.891	14.662
0	2	1	3	0	0	2	2	2	0.817	39	5.27	2.601	7.382	18.234
0	0	0	3	0	0	3	3	3	0.848	12.23	5.27	2.601	4.868	18.234
3	2	0	3	0	0	3	3	3	0.903	20.7	5.27	2.601	7.708	18.234
0	0	0	3	0	0	3	1	3	0.804	12.74	4.09	0.906	7.444	10.974
0	0	0	3	0	0	3	3	3	0.65	14.08	5.2	2.565	7.708	18.085
1	1	0	3	0	0	3	3	3	0.981	17.88	5.27	2.102	6.183	14.662
1	1	0	3	0	0	3	3	3	0.945	19.47	5.27	2.102	9.202	14.662
0	0	0	2	0	0	0	0	0	0	38	5.27	2.601	4.858	18.234
2	0	0	3	0	0	3	3	3	0.964	17.42	5.27	2.102	4.665	14.662
1	0	0	3	0	0	3	3	3	0.983	14.61	5.27	2.601	4.339	18.234
2	0	0	2	0	0	2	2	2	0.964	15.36	4.4	1.344	5.988	13.233
0	0	0	3	0	0	3	0	0	0.557	10.9	4.26	1.002	6.005	10.568
0	0	0	2	0	0	1	0	0	0.902	12.78	5.41	2.171	6.033	14.919
0	0	0	3	0	0	3	0	0	0.676	12.75	5.41	2.688	7.735	18.547
0	0	0	3	0	0	3	0	0	0.885	13.14	4.18	2.171	3.274	12.269
0	0	0	3	0	0	3	0	1	0.88	17.79	5.41	2.688	5.816	18.547
0	0	0	0	0	0	3	2	3	0.952	14.74	5.41	2.171	5.004	14.919
0	0	0	0	0	0	3	0	1	0.826	16.13	4.22	0.952	7.251	11.965
0	0	0	0	0	0	0	0	0	0	38	4.52	1.372	2.055	12.778
0	0	0	0	0	0	2	0	0	0.696	11.73	4.24	0.971	2.182	11.346
0	1	1	0	0	0	2	1	1	0.692	38	4.53	1.404	4.717	13.461
0	0	0	0	0	0	2	0	2	0.845	38	5.41	2.688	5.979	18.547
0	0	0	0	0	0	3	0	3	0.957	13.49	5.41	2.171	9.202	14.919
0	0	0	0	0	0	2	0	2	0.833	8.663	5.41	2.688	5.459	11.952
0	0	0	3	0	0	2	0	1	0.828	38	5.41	2.688	5.807	18.547
0	0	0	3	0	0	3	0	1	0.899	17.23	5.41	2.171	8.599	14.919
0	0	0	2	0	0	2	0	0	0.546	8.242	2.56	0.729	1.603	3.139
0	0	0	0	0	0	2	0	0	0.547	14.22	5.41	2.688	3.1	18.547
0	0	0	0	0	0	3	0	0	0.518	10.98	3.47	1.359	1.827	15.843
0	0	0	3	0	0	3	0	0	0.66	9.001	3.01	0.994	3.145	8.232
0	0	0	3	0	0	3	0	0	0.527	12.04	4.46	1.357	5.899	15.38
0	0	0	2	0	0	3	0	0	0.843	9.822	5.41	2.688	4.847	18.547
3	1	0	3	0	0	3	1	1	0.939	17.14	5.41	2.688	5.975	18.547
2	1	0	3	0	0	3	2	1	0.948	16.81	5.41	2.688	7.74	18.547
1	0	0	3	0	0	3	0	0	0.924	14.27	4.52	1.37	4.981	15.456
0	0	0	3	0	0	3	0	0	0.765	4.861	5.41	2.171	9.056	14.919
0	0	0	3	0	0	2	0	0	0.928	8.749	5.41	2.171	7.797	14.919
0	0	0	3	0	0	3	0	0	0.731	10.13	5.41	2.688	7.582	18.547
0	0	0	3	0	0	3	0	0	0.675	12.61	5.41	2.688	3.282	13.51
1	0	0	2	0	0	2	0	0	0.678	13.2	5.41	2.688	6.037	18.547
0	0	0	3	0	0	3	2	3	0.758	11.98	5.41	2.688	7.771	18.547
0	0	0	3	0	0	3	1	3	0.975	12.54	5.34	2.143	4.938	14.794
2	2	0	3	0	0	3	2	2	0.778	12.88	4.53	1.404	7.817	13.461
2	1	0	3	0	0	3	2	3	0.894	16.15	5.41	2.688	9.807	18.547
0	0	0	3	0	0	3	0	0	0.955	8.546	5.41	2.171	4.885	14.919
3	0	0	3	0	0	3	3	3	0.983	15.9	5.41	2.688	5.983	18.547
0	0	0	3	0	0	3	0	0	0.809	7.15	5.41	2.171	8.684	14.919
0	0	0	2	0	0	3	0	0	0.944	9.051	5.41	2.171	7.655	14.919
0	0	0	3	0	0	3	0	0	0.707	11.7	5.41	2.688	9.42	18.547
1	2	0	3	0	0	3	2	2	0.869	12.97	4.54	1.426	5.358	13.851
1	0	0	3	0	0	3	1	2	0.827	16.26	5.41	2.688	9.42	18.547
1	0	0	3	0	0	3	0	3	0.942	13.22	5.41	2.171	5.871	14.919
2	1	0	3	0	0	2	2	2	0.936	38	5.41	2.688	7.445	18.547
0	0	0	0	0	0	3	0	0	0.733	13.33	5.41	2.688	7.501	18.547
1	0	0	0	0	0	3	0	0	0.963	15.67	5.41	2.171	5.839	14.919
2	1	0	3	0	0	3	2	2	0.769	20.4	5.41	2.688	7.823	18.547
1	2	0	3	0	0	3	2	2	0.875	17.1	5.41	2.171	6.249	14.919
2	2	2	3	0	0	2	2	2	0.818	39	5.41	2.171	9.287	14.919
3	3	3	3	0	0	3	3	3	0.784	19.92	5.41	2.171	7.277	14.919
2	2	2	2	0	0	2	2	2	0.291	20.3	5.41	2.688	7.823	18.547
0	0	0	3	0	0	3	0	0	0.655	11.92	5.41	2.171	4.167	10.596
3	2	0	3	0	0	3	3	3	0.643	18.19	5.41	2.688	7.776	18.547
3	2	2	0	0	0	2	2	2	0.515	38	4.53	1.404	7.823	13.461
3	2	2	0	0	0	3	3	3	0.711	19.37	5.41	2.171	7.526	14.919
2	2	2	0	0	0	2	2	2	0.371	17.34	5.41	2.688	4.591	8.236
0	0	0	0	0	0	3	0	0	0.33	12.64	3.49	1.404	3.251	6.887
3	0	0	0	0	0	3	0	0	0.251	14.07	5.5	2.735	5.959	18.754
2	1	0	3	0	0	3	1	2	0.605	16.93	5.5	2.209	9.287	15.09
1	1	0	3	0	0	2	1	2	0.643	18.86	5.5	2.735	7.823	18.754
2	2	0	2	0	0	2	2	2	0.605	15.48	2.73	0.363	2.225	10.607
0	0	0	3	0	0	3	3	3	0.568	11.69	5.5	2.209	5.155	15.09
3	1	0	3	0	0	3	3	3	0.574	19.3	5.5	2.735	7.818	18.754
1	1	1	3	0	0	3	2	3	0.566	19.98	5.5	2.209	4.982	15.09
0	2	0	3	0	0	3	2	2	0.364	16.38	5.5	2.735	5.69	18.754
0	0	0	2	0	0	2	0	0	0.566	10.57	5.5	2.735	2.435	8.374
1	0	0	3	0	0	3	3	3	0.609	17.9	5.5	2.735	7.776	18.754
3	2	1	3	0	0	3	3	3	0.767	20.8	5.5	2.735	5.88	18.754
0	1	0	3	0	0	3	1	1	0.51	19.29	5.5	2.735	7.776	18.754
2	3	2	3	0	0	3	3	3	0.668	19.29	4.62	1.445	7.776	13.637
3	0	0	3	0	0	3	0	0	0.433	13.13	4.61	1.41	9.813	15.639
0	0	0	3	0	0	3	0	0	0.667	9.756	5.5	2.209	5.899	15.09
0	0	0	0	0	0	2	0	0	0.801	13.6	5.5	2.735	7.545	18.754
0	0	0	0	0	0	3	0	0	0.883	11.27	5.5	2.209	5.894	15.09
0	0	0	1	0	0	3	0	0	0.667	12.15	5.5	2.209	7.081	15.09
0	0	0	2	0	0	3	1	2	0.626	18.11	5.5	2.735	7.411	18.754
0	0	0	3	0	0	3	0	1	0.658	11.3	5.5	2.209	4.795	15.09
0	3	0	3	0	0	3	3	3	0.655	20.9	5.5	2.735	5.912	18.754
0	0	0	3	0	0	3	0	0	0.424	11.4	5.5	2.209	4.095	15.09
3	0	0	2	0	0	3	0	3	0.637	20.2	5.5	2.735	3.803	18.754
0	0	0	3	0	0	2	0	0	0.676	12.91	5.5	2.209	4.212	15.09
3	0	0	3	0	0	3	0	1	0.668	18.08	5.5	2.735	5.912	18.754
1	0	0	3	0	0	2	1	2	0.816	16.68	5.5	2.735	7.742	18.754
3	0	0	3	0	0	3	0	0	0.834	14.05	5.5	2.209	7.448	15.09
0	0	0	2	0	0	2	0	0	0.605	9.671	2.76	0.382	2.309	7.878
0	0	0	3	0	0	3	0	0	0.816	15.63	5.5	2.209	2.928	15.09
3	1	0	3	0	0	3	3	3	0.745	17.43	5.5	2.735	4.457	18.754
2	1	0	2	0	0	2	1	1	0.687	16.85	5.5	2.209	4.007	11.142
2	0	0	3	0	0	3	0	0	0.673	19.51	5.5	2.735	6.418	18.754
2	0	0	2	0	0	2	0	0	0.614	16.41	5.5	2.735	9.768	18.754
0	0	0	0	0	0	2	0	0	0.28	13.38	5.5	2.735	4.992	18.754
0	0	0	0	0	0	3	0	1	0.478	14.86	5.5	2.735	4.835	18.754
0	0	0	3	0	0	2	0	0	0.52	11.98	5.5	2.735	3.177	18.754
2	1	0	3	0	0	3	1	2	0.575	18.03	5.5	2.735	3.147	18.754
0	1	0	3	0	0	3	1	2	0.991	14.01	5.5	2.209	7.961	15.09
0	2	0	3	0	0	3	2	3	0.981	16.03	5.5	2.735	7.966	18.754
1	1	1	2	0	0	1	1	1	0.97	39	5.41	2.688	5.816	18.547
0	0	0	3	0	0	2	0	0	0.863	39	5.5	2.735	5.748	18.754
0	0	0	3	0	0	3	0	0	0.935	13.24	5.5	2.209	7.199	15.09
0	2	0	2	0	0	2	0	0	0.822	10.62	4.63	1.454	2.927	10.209
0	0	0	3	0	0	3	0	0	0.613	9.278	5.5	2.735	7.321	18.754
0	0	0	3	0	0	3	0	0	0.552	13.73	5.5	2.735	4.845	18.754
3	3	3	3	0	0	3	3	3	0.961	21.9	5.3	2.63	9.768	18.314
3	3	2	3	0	0	3	3	3	0.988	21.9	5.5	2.735	9.768	18.754
3	3	3	3	0	0	3	3	3	0.967	23.5	5.5	2.735	9.768	18.754
3	3	2	3	0	0	3	3	3	0.968	19.64	5.5	2.209	9.245	15.09
2	0	0	2	0	0	2	2	2	0.73	19.27	5.41	2.688	3.904	18.547
3	3	3	3	0	0	3	3	3	0.761	22.3	5.5	2.735	6.017	18.754
3	3	3	3	0	0	3	3	3	0.969	17.3	4.31	0.978	6.215	11.299
2	1	1	2	0	0	2	2	2	0.956	18.88	5.5	2.735	3.986	18.754
3	3	3	3	0	0	3	3	3	0.96	21.5	4.63	1.46	9.768	13.691
3	3	3	3	0	0	3	3	3	0.874	19.8	4.63	1.46	7.966	13.691
3	3	2	3	0	0	3	3	3	0.892	21.2	5.5	2.209	6.042	15.09
0	0	0	2	0	0	2	0	0	0.229	12.95	5.5	2.735	4.898	18.754
3	3	3	3	0	0	3	3	3	0.911	20.7	5.5	2.209	9.245	15.09
3	3	3	3	0	0	3	3	3	0.982	19.53	5.5	2.209	6.215	15.09
3	3	3	3	0	0	3	3	3	0.924	21.8	5.5	2.735	7.773	18.754
3	3	3	3	0	0	3	3	3	0.938	21.5	5.5	2.209	9.239	15.09
3	3	3	3	0	0	3	3	3	0.981	18.97	5.5	2.209	6.21	15.09
1	1	1	1	0	0	1	1	1	0.855	19.02	5.5	2.735	7.737	18.754
3	3	3	3	0	0	3	3	3	0.984	19.82	5.5	2.209	9.239	15.09
2	2	2	3	0	0	3	3	3	0.985	20.9	5.5	2.735	7.773	18.754
2	2	2	2	0	0	2	2	2	0.984	16.5	4.61	2.735	3.199	13.175
3	3	0	3	0	0	3	3	3	0.906	22.2	5.5	2.209	9.239	15.09
3	2	2	3	0	0	3	3	3	0.987	21.2	5.5	2.209	6.21	15.09
3	3	3	3	0	0	3	3	3	0.918	21.5	5.5	2.735	9.762	18.754
3	3	3	3	0	0	3	3	3	0.983	19.33	5.5	2.209	6.21	15.09
3	3	3	3	0	0	3	3	3	0.963	20.9	5.5	2.209	9.239	15.09
0	0	0	2	0	0	0	0	0	0	37	2.62	0.791	1.589	8.156
2	3	2	3	0	0	3	3	3	0.905	21.3	5.5	2.735	4.855	18.754
3	3	3	3	0	0	3	3	3	0.99	18.84	5.5	2.209	6.06	15.09
3	3	1	3	0	0	3	3	3	0.907	22.6	5.5	2.735	5.922	18.754
3	3	3	3	0	0	3	3	3	0.97	22.4	5.5	2.735	7.737	18.754
3	1	0	3	0	0	3	3	3	0.59	13.74	3.69	1.46	6.671	12.076
2	0	0	3	0	0	3	3	3	0.567	12.19	5.5	2.735	7.959	18.754
3	0	0	3	0	0	2	1	2	0.6	12.64	5.5	2.735	7.868	18.754
1	0	0	3	0	0	2	1	2	0.604	14.76	5.5	2.735	4.847	18.754
3	2	1	3	0	0	2	2	2	0.318	35	4.62	1.445	9.762	13.637
0	2	1	3	0	0	3	3	3	0.572	11.3	5.5	2.209	7.23	15.09
0	0	0	2	0	0	0	0	0	0.276	0.011	3.67	1.426	2.407	6.193
3	1	0	3	0	0	3	1	1	0.285	14.08	4.63	1.46	9.768	13.691
0	0	0	3	0	0	2	0	0	0.536	10.54	4.31	0.983	4.199	12.112
0	0	0	3	0	0	1	0	0	0.347	3.713	5.5	2.735	4.545	18.754
0	0	0	3	0	0	3	0	0	0.267	9.953	5.5	2.735	5.682	18.754
3	0	0	3	0	0	2	0	0	0.506	33	5.5	2.735	9.768	18.754
2	0	0	3	0	0	3	0	0	0.653	11.14	5.5	2.209	7.216	15.09
0	0	0	2	0	0	2	0	0	0.181	0.005	1.34	0.053	0.644	9.481
0	0	0	3	0	0	3	0	0	0.295	6.325	4.63	1.46	5.926	13.691
2	0	0	3	0	0	3	0	0	0.272	9.043	5.5	2.735	4.784	18.754
0	0	0	0	0	0	3	0	0	0.742	9.158	5.5	2.735	3.24	18.754
1	0	0	0	0	0	3	0	0	0.343	4.968	4.63	1.467	3.062	15.958
1	0	0	0	0	0	3	1	2	0.689	14.09	5.5	2.735	9.53	18.754
0	0	0	0	0	0	3	1	1	0.744	13.84	4.63	1.467	4.835	15.958
0	0	0	3	0	0	3	0	0	0.291	2.773	5.5	2.735	5.912	18.754
0	0	0	3	0	0	3	0	0	0.333	4.791	5.5	2.735	5.16	13.692
1	1	0	2	0	0	3	0	1	0.409	11.57	3.13	0.47	5.924	8.04
1	0	0	3	0	0	3	1	2	0.467	10.02	5.5	2.735	4.785	18.754
0	0	0	0	0	0	2	0	0	0.23	5.703	3.7	0.789	3.67	10.939
0	0	0	2	0	0	1	0	0	0.89	31	5.5	2.209	8.867	15.09
3	2	0	3	0	0	3	3	3	0.867	15.86	5.5	2.735	9.768	18.754
2	0	0	2	0	0	2	2	2	0.867	12.15	5.5	2.209	4.337	15.09
3	3	3	3	0	0	3	3	3	0.566	14.04	4.63	1.467	4.021	15.958
3	3	2	3	0	0	3	3	3	0.878	10.97	4.34	1.023	6.233	11.55
1	1	0	3	0	0	3	3	3	0.908	17.52	5.5	2.735	7.742	18.754
1	1	0	3	0	0	3	2	3	0.943	18.36	5.5	2.209	8.867	15.09
2	0	0	2	0	0	2	2	2	0.761	13.77	5.5	2.735	2.947	12.088
0	0	0	3	0	0	3	0	0	0.73	9.715	5.5	2.209	4.03	15.09
3	0	0	3	0	0	3	0	0	0.923	15.05	5.5	2.209	5.838	15.09
0	0	0	3	0	0	3	0	0	0.603	14.71	5.5	2.735	7.458	18.754
0	0	0	2	0	0	3	0	0	0.291	9.173	3.1	0.454	2.573	7.589
0	0	0	3	0	0	3	1	1	0.6	16.39	5.5	2.735	4.603	18.754
3	0	0	3	0	0	2	2	2	0.393	38	5.37	2.666	5.85	18.454
2	0	0	3	0	0	3	2	2	0.749	14.84	5.37	2.155	6.876	14.844
2	0	0	2	0	0	2	0	0	0.39	10.3	2.58	0.754	1.668	6.111
2	2	1	3	0	0	3	3	3	0.947	20.4	5.37	2.666	7.411	18.454
3	2	1	3	0	0	3	3	2	0.948	20.3	5.37	2.155	9.245	14.844
2	2	2	2	0	0	2	2	2	0.869	17.49	5.5	2.735	3.257	18.754
2	3	2	3	0	0	3	3	3	0.941	21	5.5	2.209	6.111	15.09
3	3	3	3	0	0	3	3	3	0.898	23.4	5.5	2.209	9.245	15.09
0	0	0	2	0	0	0	0	0	0	37	4.61	2.735	3.146	9.511
3	1	0	3	0	0	2	2	2	0.726	38	5.5	2.735	7.742	18.754
2	2	0	3	0	0	3	2	3	0.877	17	5.5	2.209	6.157	15.09
0	0	0	2	0	0	2	0	2	0.706	15.82	5.5	2.735	7.828	18.754
2	1	0	3	0	0	3	1	1	0.686	17.53	4.33	2.209	3.749	11.293
1	0	0	3	0	0	3	1	1	0.697	14.7	5.5	2.735	9.768	18.754
2	0	0	2	0	0	2	0	0	0.652	14.16	5.5	2.735	3.214	8.374
2	0	0	3	0	0	2	1	0	0.472	14.68	4.63	1.46	5.036	13.691
1	0	0	3	0	0	2	0	0	0.424	14.11	4.57	2.735	4.13	12.549
0	0	0	3	0	0	2	0	0	0.526	9.096	5.5	2.735	4.589	12.127
1	0	0	3	0	0	3	0	0	0.701	15.04	5.5	2.735	5.682	18.754
0	1	0	3	0	0	3	0	1	0.686	20.7	5.5	2.735	9.044	18.754
0	0	0	3	0	0	3	0	0	0.892	15.06	5.5	2.209	7.352	15.09
0	0	0	3	0	0	2	0	0	0.661	12.69	5.5	2.735	5.983	14.375
2	0	0	3	0	0	3	0	0	0.776	16.78	5.5	2.735	5.882	18.754
2	1	0	3	0	0	2	2	2	0.688	19.13	4.61	2.735	7.859	14.338
3	0	0	3	0	0	3	2	3	0.71	16.34	5.5	2.735	7.779	18.754
1	0	0	3	0	0	2	0	0	0.738	13.36	5.5	2.209	4.412	15.09
3	2	0	3	0	0	3	3	3	0.808	21.1	5.5	2.735	7.742	18.754
0	0	0	3	0	0	3	0	0	0.485	13.8	5.5	2.735	4.288	18.754
2	0	0	3	0	0	3	0	0	0.348	17.04	5.5	2.735	4.747	18.754
2	0	0	3	0	0	3	1	0	0.782	19.05	5.5	2.209	3.825	15.09
2	0	0	3	0	0	3	0	0	0.941	18.01	5.5	2.209	6.111	15.09
1	0	0	1	0	0	1	0	0	0.768	15.13	-5.24	-0.959	-0.74	16.103
3	2	2	3	0	0	3	3	3	0.73	21.6	5.5	2.209	9.245	15.09
3	1	0	3	0	0	3	3	3	0.731	20.8	5.5	2.209	7.485	15.09
2	0	0	2	0	0	2	2	2	0.18	15.66	3.7	0.789	1.67	4.254
3	3	2	3	0	0	3	3	3	0.58	20.6	4.63	1.46	9.768	13.691
3	2	2	3	0	0	3	3	3	0.518	21.5	5.49	2.731	9.768	18.735
3	3	1	3	0	0	3	3	3	0.884	20.6	5.5	2.209	8.867	15.09
3	3	1	3	0	0	3	3	3	0.888	21.9	5.5	2.735	7.742	18.754
1	0	0	2	0	0	2	0	0	0.447	10.72	5.5	2.735	1.53	18.754
3	0	0	3	0	0	3	0	0	0.801	15.46	5.5	2.209	6.065	15.09
3	3	3	3	0	0	3	3	3	0.944	19.86	5.5	2.735	7.742	18.754
3	3	2	3	0	0	2	3	3	0.957	20.6	5.5	2.735	7.411	18.754
3	3	3	3	0	0	3	3	3	0.768	17.41	5.5	2.735	4.44	18.754
3	3	3	3	0	0	3	3	3	0.952	18.26	5.5	2.209	7.619	15.09
0	0	0	3	0	0	3	1	2	0.53	15.32	5.5	2.209	1.496	15.09
2	0	0	3	0	0	1	0	1	0.3	38	5.5	2.735	7.411	18.754
3	3	3	3	0	0	3	3	3	0.918	20.2	5.5	2.735	6.015	18.754
3	2	2	3	0	0	3	3	3	0.939	20.1	5.5	2.209	9.242	15.09
2	2	2	2	0	0	2	2	2	0.798	16.61	5.5	2.735	1.803	12.088
1	0	0	3	0	0	3	3	3	0.808	13.31	4.33	0.998	8.864	11.355
3	1	0	3	0	0	3	3	3	0.942	20.7	5.5	2.209	7.617	15.09
0	0	0	3	0	0	3	0	3	0.722	5.812	5.5	2.735	4.182	18.754
0	0	0	0	0	0	0	0	0	0	20.7	5.5	2.209	7.617	15.09
0	0	0	0	0	0	0	0	0	0	18.12	5.5	2.735	-20	12.088
0	0	0	0	0	0	0	0	0	0	22.9	5.5	2.209	-20	15.09
